# As_1e9 ns H0 omegab omegam w KIDS_DZ_S1 KIDS_DZ_S2 KIDS_DZ_S3 KIDS_DZ_S4 KIDS_DZ_S5 KIDS_A1_1 KIDS_A1_2 KIDS_M1 KIDS_M2 KIDS_M3 KIDS_M4 KIDS_M5
1.227902438133706697e+00 3.034619898228877680e-03 -1.593624014696873425e+00 2.616036606563631756e-04 -2.911780405045448494e-02 2.816619336784550454e-01 -3.988731176827009129e-06 -4.795804965838041192e-05 1.056309397100580567e-03 1.142425725322844348e-04 -4.138065521159878723e-04 -5.852560605617391359e-02 -1.180016124517143800e-01 -1.324772186541337689e-05 -1.055712388282119264e-05 4.338723851720792044e-05 8.668818903670944091e-07 -9.675270765461722140e-05
3.034619898228877680e-03 3.073810400899186415e-03 -3.322818911647015816e-02 3.890704354809407098e-05 -8.434559887028148309e-04 -1.206240593829349152e-02 2.885012137303452300e-06 -1.152032215108496968e-07 1.550191839463498184e-05 -8.172842066985163947e-07 -2.982511058765854067e-06 9.049416884060937751e-04 -2.827868136476711317e-03 4.846932873722692797e-07 5.677621812206637495e-07 9.622233540436652764e-07 -1.331714544201027518e-06 -4.238797858359148148e-07
-1.593624014696873425e+00 -3.322818911647015816e-02 1.051484474320084956e+02 4.802474585907894403e-03 -2.660170056734940669e-01 -1.298124530051401715e+00 6.969298883455707101e-04 3.814842993190069938e-04 4.718142318051927499e-03 3.690837110338426202e-04 -1.393098510669337712e-03 3.699423745047166617e-02 -7.389137585959881793e-01 3.425819882085233718e-04 2.905703727961404047e-05 3.482718318748030781e-04 -1.715546339721421972e-06 -2.379456086954597448e-04
2.616036606563631756e-04 3.890704354809407098e-05 4.802474585907894403e-03 1.236001448857464353e-04 2.029562094039969497e-04 1.044177051662012424e-03 1.581627583270079025e-07 -9.034726850386436831e-07 -5.283476078586096977e-06 -5.312794528592251402e-07 1.101406956437529346e-06 -1.012984719569150857e-05 6.918652384928056405e-04 1.659674199320240258e-07 9.538856602500827256e-08 -3.454568169522503363e-07 -3.702823088789492667e-07 2.285052965464326891e-07
-2.911780405045448494e-02 -8.434559887028148309e-04 -2.660170056734940669e-01 2.029562094039969497e-04 3.051546939188268422e-03 1.150065717050642762e-02 -2.768430784216332962e-06 -2.212601217650453403e-06 -8.831137392696078101e-05 -3.131478472200133817e-06 2.682936533951028556e-05 2.583184437943020911e-03 1.238726195765180345e-02 -6.062582738855489771e-07 3.449576065799027086e-08 -5.018453973591677191e-06 1.383864835062012269e-08 6.293624143328181425e-06
2.816619336784550454e-01 -1.206240593829349152e-02 -1.298124530051401715e+00 1.044177051662012424e-03 1.150065717050642762e-02 4.104152405434841056e-01 1.216973566114439816e-05 -1.030454844946489156e-05 -2.679273363686321104e-04 1.797684696215367714e-04 1.747393353606131489e-04 1.233471998811363525e-02 8.318034903526358437e-02 -1.145023372854518559e-05 -1.047065084224954327e-05 -2.187103433503405416e-05 3.551996326465027836e-05 3.936466533395465583e-05
-3.988731176827009129e-06 2.885012137303452300e-06 6.969298883455707101e-04 1.581627583270079025e-07 -2.768430784216332962e-06 1.216973566114439816e-05 1.113830616947960553e-04 7.887582715109372666e-07 4.093968531237633912e-07 3.473164804191557417e-07 1.404378269468533522e-07 1.203984889602089867e-03 -9.591240262417770526e-07 -1.827446394727067741e-07 -1.168766061215047009e-07 1.684742987549854792e-08 -5.702223874788638992e-09 9.699004303102620219e-08
-4.795804965838041192e-05 -1.152032215108496968e-07 3.814842993190069938e-04 -9.034726850386436831e-07 -2.212601217650453403e-06 -1.030454844946488479e-05 7.887582715109372666e-07 1.257409229703399390e-04 6.837527551796552179e-07 4.360146596208083381e-08 4.636544560552067656e-07 4.200648301818957707e-05 2.216120796310469630e-03 1.133840249935625656e-07 -9.405996030435517419e-08 -1.282132625155308626e-07 -1.474036744883924604e-08 6.795762272650730973e-09
1.056309397100580567e-03 1.550191839463498184e-05 4.718142318051927499e-03 -5.283476078586096977e-06 -8.831137392696078101e-05 -2.679273363686321104e-04 4.093968531237633912e-07 6.837527551796552179e-07 1.242851373527660628e-04 3.329824674364990529e-06 1.894329560201290698e-06 -4.404767114438906455e-04 -1.055909271818874758e-03 4.550585978769058199e-08 -3.462893847241451969e-08 -8.593117306888294923e-07 4.479869169433976221e-07 3.052040826760034335e-07
1.142425725322844348e-04 -8.172842066985163947e-07 3.690837110338426202e-04 -5.312794528592251402e-07 -3.131478472200133817e-06 1.797684696215367714e-04 3.473164804191557417e-07 4.360146596208083381e-08 3.329824674364990529e-06 7.285320148287068628e-05 1.741391125834949873e-06 -4.056187197895807405e-05 -2.323178590912475000e-04 -1.711350051700557427e-08 -1.765082341735880568e-08 1.390566383268417275e-07 -5.882803635266825099e-07 4.619091908367703074e-07
-4.138065521159878723e-04 -2.982511058765854067e-06 -1.393098510669337712e-03 1.101406956437529346e-06 2.682936533951028556e-05 1.747393353606131489e-04 1.404378269468533522e-07 4.636544560552067656e-07 1.894329560201290698e-06 1.741391125834949873e-06 9.160828294309247962e-05 -1.824999750536797263e-05 -2.979833218748380042e-05 2.088451905515109500e-07 -1.519846733609364609e-07 1.955846434581987565e-07 4.656665540979285563e-07 -6.256580562438812147e-07
-5.852560605617391359e-02 9.049416884060937751e-04 3.699423745047166617e-02 -1.012984719569150857e-05 2.583184437943020911e-03 1.233471998811363525e-02 1.203984889602089867e-03 4.200648301818957707e-05 -4.404767114438906455e-04 -4.056187197895807405e-05 -1.824999750536797263e-05 5.067321383182286088e-01 7.590650889879818619e-02 2.842237712594078669e-05 -1.035009013697226679e-05 -3.276516884553382270e-05 1.466346218600906762e-06 2.807425685703437976e-05
-1.180016124517143383e-01 -2.827868136476711751e-03 -7.389137585959882903e-01 6.918652384928057489e-04 1.238726195765180345e-02 8.318034903526355661e-02 -9.591240262418001342e-07 2.216120796310469630e-03 -1.055909271818874975e-03 -2.323178590912474729e-04 -2.979833218748379026e-05 7.590650889879820007e-02 5.433363875529055864e-01 -5.442247245196112192e-06 9.593890078420051477e-05 -6.967552435756549183e-05 -1.695700152202928176e-05 -5.340716076514507335e-07
-1.324772186541337350e-05 4.846932873722688561e-07 3.425819882085232634e-04 1.659674199320243169e-07 -6.062582738855499301e-07 -1.145023372854518898e-05 -1.827446394727068271e-07 1.133840249935624861e-07 4.550585978769070772e-08 -1.711350051700554780e-08 2.088451905515110294e-07 2.842237712594080363e-05 -5.442247245196111345e-06 2.499166558295453988e-05 5.990229427103984642e-08 -1.729887108360063004e-08 -6.145493058205617390e-08 -9.586423928825123531e-09
-1.055712388282121806e-05 5.677621812206643848e-07 2.905703727961411501e-05 9.538856602500845785e-08 3.449576065799000616e-08 -1.047065084224954666e-05 -1.168766061215046347e-07 -9.405996030435517419e-08 -3.462893847241455940e-08 -1.765082341735890494e-08 -1.519846733609364609e-07 -1.035009013697227695e-05 9.593890078420051477e-05 5.990229427103984642e-08 2.505145642497613696e-05 9.961652286517080562e-08 -1.150557070440261858e-08 -4.765761945762579224e-08
4.338723851720792721e-05 9.622233540436652764e-07 3.482718318748032949e-04 -3.454568169522503363e-07 -5.018453973591675497e-06 -2.187103433503405416e-05 1.684742987549846190e-08 -1.282132625155309155e-07 -8.593117306888298100e-07 1.390566383268417011e-07 1.955846434581989948e-07 -3.276516884553382948e-05 -6.967552435756549183e-05 -1.729887108360063004e-08 9.961652286517080562e-08 2.487075344259244222e-05 4.590979850750059829e-08 1.228333693990915778e-07
8.668818903670926091e-07 -1.331714544201027306e-06 -1.715546339721270353e-06 -3.702823088789494255e-07 1.383864835062086385e-08 3.551996326465026480e-05 -5.702223874788612523e-09 -1.474036744883916498e-08 4.479869169433975692e-07 -5.882803635266824041e-07 4.656665540979285034e-07 1.466346218600907186e-06 -1.695700152202927837e-05 -6.145493058205617390e-08 -1.150557070440261858e-08 4.590979850750059829e-08 2.482288864235069795e-05 1.284492977478906323e-07
-9.675270765461723495e-05 -4.238797858359147089e-07 -2.379456086954597177e-04 2.285052965464325038e-07 6.293624143328180578e-06 3.936466533395464905e-05 9.699004303102610955e-08 6.795762272650788049e-09 3.052040826760033806e-07 4.619091908367704133e-07 -6.256580562438813206e-07 2.807425685703437637e-05 -5.340716076514507335e-07 -9.586423928825123531e-09 -4.765761945762579224e-08 1.228333693990915778e-07 1.284492977478906323e-07 2.469779037828845339e-05
