# As_1e9 ns H0 omegab omegam KIDS_A1_1 KIDS_DZ_S1 KIDS_DZ_S2 KIDS_DZ_S3 KIDS_DZ_S4 KIDS_DZ_S5 KIDS_M1 KIDS_M2 KIDS_M3 KIDS_M4 KIDS_M5
1.075644089739951736e+00 2.171762061197495333e-02 -1.382630130164594462e+00 -3.743373644645579031e-04 -4.257747928253022979e-02 -4.607823351156359326e-02 -3.973484895127598671e-04 1.000703295780706924e-03 2.334695823299040834e-03 4.165453998302617714e-04 -9.778277281673110766e-04 -5.716810098817389595e-07 4.220049191501326266e-05 6.472785138928960021e-05 7.602237624313138863e-05 -2.095258919712568490e-04
2.171762061197495333e-02 2.527855104966491521e-03 -1.841974186750633402e-01 6.492350277216068436e-05 -4.705713357013284210e-04 7.530181779257961051e-04 -3.933493304070994034e-06 -8.633907138991887327e-06 -3.899876027852830139e-06 2.401382452787678253e-06 7.526407929187278051e-06 -7.222006578407983573e-07 -1.270832325816690766e-06 4.188756607105026006e-07 1.463583459451399562e-07 4.023118608838126841e-07
-1.382630130164594462e+00 -1.841974186750633402e-01 9.994778570602380796e+01 1.619838785128515854e-02 -2.401342378769433239e-01 -1.068784409010377634e-01 -3.497765500646751713e-04 6.265162063213624774e-03 1.395871971000461551e-02 4.962019584559270585e-03 -1.476033066986001891e-03 4.089253829157963937e-05 3.224466054964852490e-04 6.061228019656030377e-04 4.007665621671313593e-04 -4.597505557693388426e-04
-3.743373644645579031e-04 6.492350277216068436e-05 1.619838785128515854e-02 1.296596631507186508e-04 1.419290793653844656e-04 9.336372488075007719e-05 1.754435751414434240e-06 -4.543318851116033418e-06 -8.663308352471977281e-06 -1.672247622640175020e-06 1.654324641191187837e-07 2.062121670516311224e-07 -2.899941043100023352e-07 -1.199159354641072477e-07 -2.154568643926848495e-07 1.622238883795578473e-07
-4.257747928253022979e-02 -4.705713357013284210e-04 -2.401342378769433239e-01 1.419290793653844656e-04 3.086777406537108848e-03 2.577289522375392043e-03 2.515893567020600669e-05 -7.309118499295145404e-05 -1.765692654877642966e-04 -5.030880977804185600e-05 3.652008237398604617e-05 5.195433921957666003e-07 -3.237279279217284511e-06 -5.425140767957536994e-06 -6.112126388188648536e-06 9.366682160030378958e-06
-4.607823351156359326e-02 7.530181779257961051e-04 -1.068784409010377634e-01 9.336372488075007719e-05 2.577289522375392043e-03 4.650903470450912236e-02 9.106174544399709640e-04 9.003555613645195747e-04 2.064787087769766013e-04 -3.693062341867247179e-04 -1.885196000422936324e-04 1.080577743723112241e-05 5.039290116103490815e-06 3.971887227234333755e-06 -1.989672981889328769e-05 -2.825089659975823600e-06
-3.973484895127599214e-04 -3.933493304070996575e-06 -3.497765500646744666e-04 1.754435751414433605e-06 2.515893567020600669e-05 9.106174544399709640e-04 1.276296536912534512e-04 4.507338575732562592e-05 3.268870882120444053e-06 -4.730635108978782096e-06 1.080103012475319273e-06 -3.449434905571377983e-07 -4.610909484184784864e-07 6.576791379588128047e-07 7.172042725666163391e-08 -3.564582797854258663e-07
1.000703295780706924e-03 -8.633907138991887327e-06 6.265162063213624774e-03 -4.543318851116033418e-06 -7.309118499295145404e-05 9.003555613645195747e-04 4.507338575732562592e-05 1.188666231322818817e-04 3.245861742460991292e-05 -1.607749995191826773e-06 1.841336362870088160e-06 2.418267208648510816e-07 -1.885709766498003771e-06 3.436348703699942595e-07 9.054862172264902894e-07 4.844358661318878486e-07
2.334695823299040834e-03 -3.899876027852830139e-06 1.395871971000461551e-02 -8.663308352471977281e-06 -1.765692654877642966e-04 2.064787087769766013e-04 3.268870882120444053e-06 3.245861742460991292e-05 1.608750129743929567e-04 2.640772496288636676e-05 2.506209183316797728e-05 1.079169424918300919e-07 7.266049352607203042e-07 -5.985393089284318605e-06 2.597476989485573468e-06 2.427566300507055519e-06
4.165453998302617172e-04 2.401382452787677406e-06 4.962019584559272320e-03 -1.672247622640176502e-06 -5.030880977804185600e-05 -3.693062341867247179e-04 -4.730635108978782096e-06 -1.607749995191826773e-06 2.640772496288636676e-05 1.313081413396399266e-04 3.155350409852786139e-05 1.132957594915262711e-08 5.952896486591967993e-07 7.676044476982273664e-07 -3.695091647415274712e-06 2.134186347295141389e-06
-9.778277281673110766e-04 7.526407929187278051e-06 -1.476033066986001891e-03 1.654324641191187837e-07 3.652008237398604617e-05 -1.885196000422936324e-04 1.080103012475319273e-06 1.841336362870088160e-06 2.506209183316797728e-05 3.155350409852786139e-05 1.515530903426947414e-04 -1.785460030730055849e-07 3.818126213792589301e-07 5.157823776478418440e-07 1.763864092639227324e-06 -3.076241541086437702e-06
-5.716810098817389595e-07 -7.222006578407983573e-07 4.089253829157963937e-05 2.062121670516311224e-07 5.195433921957666003e-07 1.080577743723112241e-05 -3.449434905571377983e-07 2.418267208648510816e-07 1.079169424918300919e-07 1.132957594915262711e-08 -1.785460030730055849e-07 2.482340536928908948e-05 7.348654717896442921e-08 1.001673947124829938e-07 7.735992760139833819e-09 -9.601381427055615608e-08
4.220049191501327622e-05 -1.270832325816689707e-06 3.224466054964853575e-04 -2.899941043100023882e-07 -3.237279279217284511e-06 5.039290116103490815e-06 -4.610909484184784864e-07 -1.885709766498003771e-06 7.266049352607203042e-07 5.952896486591967993e-07 3.818126213792589301e-07 7.348654717896442921e-08 2.491789092848945971e-05 7.535442829362319536e-08 4.546593406777191055e-08 6.533075452521678029e-08
6.472785138928961377e-05 4.188756607105026006e-07 6.061228019656030377e-04 -1.199159354641072477e-07 -5.425140767957536994e-06 3.971887227234333755e-06 6.576791379588128047e-07 3.436348703699942595e-07 -5.985393089284318605e-06 7.676044476982273664e-07 5.157823776478418440e-07 1.001673947124829938e-07 7.535442829362320859e-08 2.479986411378134732e-05 1.457173790594265400e-07 1.035372778242534866e-07
7.602237624313138863e-05 1.463583459451399562e-07 4.007665621671313593e-04 -2.154568643926848495e-07 -6.112126388188648536e-06 -1.989672981889328769e-05 7.172042725666166038e-08 9.054862172264902894e-07 2.597476989485573468e-06 -3.695091647415274712e-06 1.763864092639227324e-06 7.735992760139833819e-09 4.546593406777191055e-08 1.457173790594265400e-07 2.449696354758902105e-05 2.675609726157406753e-07
-2.095258919712567947e-04 4.023118608838137958e-07 -4.597505557693386258e-04 1.622238883795580061e-07 9.366682160030378958e-06 -2.825089659975823600e-06 -3.564582797854258663e-07 4.844358661318878486e-07 2.427566300507055519e-06 2.134186347295141389e-06 -3.076241541086437702e-06 -9.601381427055615608e-08 6.533075452521678029e-08 1.035372778242534866e-07 2.675609726157406753e-07 2.441675277160327258e-05
